ExpRate=5.000000
PalEggDefaultHatchingTime=20.000000
AdminPassword=12345
ServerPassword=12345
